4.13154974959944
4.16596608187425
4.20700871058183
4.20552847994662
4.14602834474183
4.19165227573501
4.20409823936902
4.06718662290985
4.20313722611271
4.11891868379427
4.14190065533409
4.28305659306496
4.15907341815788
4.17606009435646
4.09664599934709
4.16137298633489
4.14137507107831
4.15386208884434
4.1336801409451
4.17046822572166
4.19894246619561
4.16136108875701
4.09852508082042
4.16859249211776
4.17018025550397
4.27388512325012
4.14283299266014
4.11574707738031
4.17308991066314
4.26447062902132
4.09347596405173
4.09155136491352
4.08191722254097
4.18820116400445
4.11910807998539
4.12968393478686
4.19941181350553
4.19031864279339
4.15779540967045
4.17678554024431
4.10093034909466
4.12702817575915
4.09663428035064
4.11981837425413
4.1280787506779
4.12249225590335
4.20394235336023
4.15123942639244
4.23045486852706
4.10349516135974
4.19025335679213
4.17500215093791
4.22609878219876
4.20723013416322
4.14955866483908
4.23937290456086
4.1851358069228
4.14570555413014
4.17665822411639
4.1878918911176
4.1152291099768
4.1461519941703
4.11609246184182
4.19688721210512
4.18995866148249
4.17522480541099
4.14567460762564
4.14480840705357
4.15350337329964
4.15236150653862
4.26961948392948
4.17056690033497
4.19715124512971
4.23869254195878
4.19978305954714
4.17091933951801
4.09124421324097
4.1413733908244
4.15757644248387
4.13791805351725
4.29743151800808
4.10798684384247
4.15479145543753
4.15525623694587
4.14280994890504
4.21856737317433
4.10301604981749
4.21251703564388
4.20912675666369
4.08614292669468
4.08626142142543
4.10850518628391
4.09387971996244
4.20162605250212
4.15120912478887
4.25906449878128
4.25232437556361
4.19163782470208
4.17270824860916
4.14980532889568
4.11993837381856
4.15706395728257
4.25454855327364
4.17053375020961
4.14892558265369
4.16051671557795
4.16710954954731
4.08640408440151
4.1677630995329
4.12957242810472
4.10444492299829
4.12584593672153
4.12601533260636
4.20346753335712
4.19685481033735
4.1163369203226
4.19930106577897
4.15107197959909
4.12194818474504
4.24340405891913
4.13290040802372
4.19026199945801
4.14772173984932
4.09782678146613
4.21276099858425
4.18334560390732
4.1492452248404
4.20544811270188
4.124792140595
4.18967386122191
4.17948410822934
4.20209778285997
4.10370870989416
4.15872400929246
4.11214355011399
4.14296362757034
4.084272891482
4.17727786270917
4.22249935157864
4.22228498340125
4.16578969194205
4.15819663392534
4.17090154453854
4.16990883764228
4.16166551488653
4.13466015593005
4.18057162658922
4.22728813649076
4.21748885439156
4.10712595395486
4.14260316619654
4.13702597943191
4.19751539398476
4.21152179939377
4.18572995872859
4.20043702026299
4.12329985503836
4.16859630174502
4.14012111511655
4.15852661734993
4.20445221280054
4.1000531178766
4.16059669415177
4.15566762273723
4.16257474738486
4.10729591938496
4.18202830115529
4.18390806206409
4.18454998643486
4.1575851163718
4.19032542387769
4.1713446624598
4.2285314214713
4.13976484579055
4.1876088202801
4.1751123487712
4.18038632551295
4.18879901948731
4.084995288166
4.16231968573529
4.13992373923532
4.19889003028442
4.10921289979275
4.22105652166007
4.24795304417121
4.22872412243741
4.04263144250245
4.06803529526778
4.20215891511294
4.11184763552622
4.12936443931117
4.18239871022186
4.12111901963652
4.23032638199869
4.23386145348274
4.17946178221205
4.19178154936782
4.11597011777098
4.12764071978707
4.19025236368609
4.1977583676026
4.17499520328755
4.17300140381171
4.124553822288
4.13937679571189
4.19947930131782
4.2586937837385
4.21557040413334
4.16358472092121
4.12700253240462
4.11978201947071
4.15413950615429
4.18199364281795
4.07709142347582
4.17878245952761
4.13736897630829
4.20842196896319
4.15711464440242
4.17904355481298
4.21640045568122
4.23268809745902
4.26825051852108
4.10078456603728
4.07483741511772
4.13340378501989
4.08588226270945
4.12976090844055
4.13671663131128
4.12674586826836
4.19204264843375
4.09587688743571
4.21065817448891
4.19844525040636
4.16350847726002
4.17556874900226
4.11924472749516
4.09863789331175
4.22797549009046
4.29358035578326
4.20476094243633
4.29379243320951
4.11899021695471
4.16798814408379
4.09122667361704
4.22916219228432
4.11995358805589
4.09059007355299
4.16375007545927
4.15205585806116
4.24262055259632
4.17863194801079
4.17101375960171
4.15253437456842
4.1560779750854
4.15474191035574
4.14159395462989
4.13384151247168
4.07378993714178
4.22704062616871
4.18271320635009
4.16852788231963
4.26690698568699
4.12005668643704
4.03915860762906
4.26084928266714
4.14669927632394
4.14724439962215
4.13313110313142
4.18622153700876
4.18610016567214
4.16207795989961
4.24336641800385
4.20696197114199
4.10831810326463
4.161771569261
4.16051637525263
4.07932297659439
4.17528925454176
4.19677628054055
4.18498071808482
4.14309097064351
4.10278231053563
4.13936698063232
4.11211999452432
4.14824009999555
4.05313842978438
4.20024107950619
4.20193936682917
4.16162430633736
4.19092017909361
4.06609225513067
4.16578978731019
4.07519395465193
4.17855221738391
4.21296086462267
4.09256718432216
4.11417840822365
4.24284017959844
4.19072727620317
4.1875393260079
4.14259720771385
4.07355293182853
4.2141216647462
4.18650740783925
4.11906622085655
4.13668425842533
4.19434864024921
4.15051935190528
4.18481359581689
4.15954941118139
4.10469593932378
4.16675138526732
4.22248957044747
4.11756595487866
4.10820991359081
4.22875442341158
4.11744134251141
4.09498086730738
4.14605457292577
4.20559825798178
4.14106399258161
4.17968215504165
4.17762720724132
4.15710813253757
4.15138118193549
4.14868611064306
4.18063457757472
4.15568814210006
4.18233284402117
4.13638211759847
4.18502033489073
4.06670810654459
4.13219622668221
4.30023763009742
4.18449855403049
4.18091907988912
4.19559125856054
4.18785904242815
4.14727644970277
4.13894373586812
4.20130645054749
4.20031970508099
4.20666147034697
4.1497169098617
4.13578294800516
4.10408647560055
4.153599312351
4.16288328864502
4.12299946200556
4.11952954562615
4.27686637640099
4.16198626543822
4.07807177097515
4.1039358642042
4.1652133336536
4.14359921233025
4.15323600488355
4.21123516530599
4.12856552143215
4.21144834270361
4.17819249790024
4.23223302684939
4.15953256943404
4.16942909464675
4.13734332560995
4.16677350452866
4.12961592353764
4.19670113080836
4.14411371250568
4.22800539222996
4.14719786084009
4.10309226378668
4.1711852804288
4.18682277684506
4.1916305433978
4.1820235698226
4.07637271046346
4.15943210617112
4.13417545624223
4.20095275395446
4.15486468533997
4.18020616130964
4.12980693001562
4.22771284515557
4.09642023331406
4.14995676975234
4.20198259889578
4.11909974289782
4.14504494182122
4.13559111125627
4.15534539928001
4.13578417552808
4.22031711547044
4.16381913147211
4.20435031814516
4.11097323572686
4.15634722127316
4.11195708936265
4.14040576474498
4.18847712850115
4.1493155355914
4.19066600048657
4.11490693452856
4.16355065643559
4.19385035017257
4.23432128358619
4.12442950960532
4.13366899027961
4.12830983658603
4.12322978441643
4.15986877050714
4.16288993181279
4.18855191684178
4.09504133192127
4.1698113438211
4.15054985000002
4.27920340316264
4.1562596579009
4.25616685701177
4.04561626076303
4.21259443125547
4.17985875648544
4.22165670609167
4.22113557264057
4.19791247773222
4.10930274704712
4.16902968691105
4.27353177686049
4.15210246967368
4.16435596628954
4.10160109407147
4.29176386378196
4.17017600929508
4.15848450520928
4.28102756045992
4.16618336072676
4.08339040855033
4.20747394212811
4.16798507376673
4.17447330312561
4.0675528428567
4.16070450152606
4.21860561147897
4.19120587705805
4.1943862094341
4.19040088354004
4.09332069370309
4.17519159351921
4.13030825571536
4.1575932604401
4.15246259033063
4.10745987256428
4.17158837150753
4.1474869081592
4.16711337855196
4.14297587041908
4.12981654882798
4.07310927781223
4.16838037656959
4.11508278919156
4.13167727864106
4.20831034011112
4.21326425363667
4.15096041105563
4.14890714555302
4.16271120859609
4.18739595891632
4.19580843596284
4.1655347274559
4.16681317368741
4.19726072837879
4.09279896840431
4.13331270601524
4.14197663867913
4.10859608526025
4.12766337481907
4.138973362451
4.14379696707917
4.0762637112673
4.10721252500698
4.16643112034018
4.12947302800751
4.22910862832811
4.15130578908493
4.17316787630784
4.16423620320264
4.19557145286223
4.13703128187408
4.11486817695623
4.22572861944608
4.24382050162232
4.08840739911047
4.16090790102939
4.18252484504993
4.32281141469322
4.23451101067685
4.17029171959372
4.14836116873005
4.1190402115572
4.17285073785948
4.17008894307726
4.23570541359659
4.14674121680319
4.13314243575791
4.26226595039948
4.19465946462203
4.24915162456349
4.11946598756582
4.03132932191941
4.14241276613437
4.14000311762618
4.17540738452113
4.16225558740418
4.17763311188203
4.1876602938165
4.21354777967315
4.081716350538
4.21262178432223
4.1154372825401
4.11288170803424
4.14997718275965
4.13002053240108
4.12853104410452
4.24774662897517
4.09326094214628
4.18160969329274
4.23118263924524
4.15657394518052
4.24061114102355
4.15854977913389
4.2211316282483
4.16615639223851
4.05932071511063
4.12827517298415
4.12540059867295
4.16264205363578
4.22494145406655
4.12480993393789
4.18788509672552
4.21299590848668
4.1011764283187
4.24859439625357
4.17583550564729
4.14805087199863
4.10995612268409
4.19297098921134
4.15194835338404
4.17468836992359
4.17682150998805
4.1812069897253
4.22830455860948
4.11346931317764
4.22946849769844
4.19418291853133
4.16459085567735
4.11185871067537
4.11578322882659
4.2041210958572
4.20060269138791
4.13957232162131
4.15182392899788
4.12325699943548
4.22764852874365
4.21531727429085
4.12222173804869
4.15131289179196
4.0680678131112
4.23469200473586
4.14283398751034
4.22843712838904
4.18973980111645
4.1794852882983
4.16641820191373
4.19450917194263
4.15300538282512
4.18883636421532
4.15263170570648
4.1613894294904
4.20412873342408
4.21625791802929
4.20646025952725
4.13351195190165
4.06882032781105
4.18816977193297
4.12402721247953
4.12154884868035
4.09760398566154
4.1590470943883
4.21560554907569
4.17075006331519
4.16452800946898
4.14773538947946
4.22880408269051
4.13119194792464
4.15929858729228
4.08544416417444
4.07881956464955
4.16459223011913
4.10303439760329
4.18075055363226
4.18012323950324
4.17438592006181
4.21951687176768
4.17326069672599
4.12195506644884
4.187520009607
4.08150401951953
4.17520750659893
4.19158289888475
4.16309432106801
4.08562967543309
4.17501447480252
4.06843700507713
4.13324745807384
4.19843240582004
4.1615011193776
4.19255078014554
4.21864163291546
4.15264659495411
4.16850826738411
4.1459342953252
4.17940846349783
4.13115390078052
4.20836718843786
4.12380468258049
4.13193442760482
4.15652476184183
4.13307817426568
4.16656577791642
4.17023010450175
4.24842720344567
4.17003360139011
4.20808894039714
4.15865459138515
4.13646789191809
4.1265266945077
4.10298578394814
4.1656371396901
4.21730130667585
4.21739582403288
4.23193571387485
4.19982871080616
4.14636197838779
4.05307335376969
4.14809711929941
4.15799881839472
4.10314001454852
4.15279205614934
4.15888433334796
4.17100059647967
4.22127629195457
4.06684615643782
4.15268046204203
4.101930803705
4.1999068708987
4.1539618695513
4.14447480874161
4.13400065565369
4.11209995044879
4.19661481072263
4.12578330689072
4.19087594599429
4.21226697758003
4.12019379471704
4.22614142275337
4.13144864732175
4.21018778196031
4.0949409277555
4.16933860156288
4.20697412216035
4.1629396373709
4.23239863021072
4.14497379099602
4.19383409446344
4.19210087224955
4.13316130209158
4.19767290137787
4.09708691230846
4.10632042889662
4.11389942439966
4.08018517552366
4.14997324051935
4.19564357784206
4.08641130741857
4.19207843256383
4.18624152668466
4.16523878480517
4.21438139216495
4.19818037771441
4.17303740167533
4.18076441931345
4.13395637800919
4.14224963930716
4.17149178831684
4.16627119004449
4.17574016546641
4.10757349106284
4.11187091470644
4.12976539514881
4.12348782154249
4.24295444110705
4.14857442769544
4.14198645758711
4.16970193967623
4.21767844030657
4.1224272695652
4.0876136819939
4.08917115534135
4.09026170412477
4.19956349548763
4.16379482899998
4.18396194012507
4.11383533763236
4.11927698633119
4.16025294009888
4.15526963558875
4.21110545860093
4.08236544749404
4.12245168326939
4.22374843236809
4.12734503328486
4.21488325918626
4.16917516587726
4.12965563078327
4.03608925557298
4.03684028328322
4.13918193469166
4.24074785671907
4.31267871757412
4.10701490710774
4.12605296553599
4.1709625357771
4.13467452837632
4.11644335454752
4.20876726422557
4.19177557533212
4.18878809158848
4.15868106083161
4.1255961698979
4.12228546785785
4.17054213832352
4.17364314048675
4.18505894551374
4.18945840913812
4.15559394943506
4.22181202851494
4.17361137687711
4.17195283870205
4.21151192437388
4.17918009480579
4.20345955660663
4.15494250231364
4.18071675587773
4.10857061142348
4.14146644251658
4.1850454248376
4.22436345056205
4.15864473347893
4.08656165811139
4.1490777757361
4.10999270883639
4.14241941236749
4.13146938946244
4.16074256067229
4.09709167884147
4.13671627402973
4.18377250793364
4.09361105646205
4.20203205521064
4.23132522131639
4.0672565015947
4.25710845628861
4.15105199625598
4.17897021366344
4.14468834847096
4.25852155979767
4.16914810660695
4.21055223786512
4.08759121957456
4.15408114695854
4.11350563090924
4.1720799648482
4.14740386622277
4.15417075526372
4.18260799983237
4.1753539727122
4.14545207221806
4.19068879585216
4.20147592131656
4.10263619017974
4.13855153978895
4.16729670038867
4.11907869697271
4.19526764479683
4.20989641578655
4.16284649208747
4.16286251985907
4.1174316087865
4.13360147220807
4.15277638647861
4.21158528908675
4.07592820301822
4.12838561462745
4.09593178444258
4.13009551189683
4.1545678637806
4.11910988524693
4.23065159936406
4.16695153104275
4.20715977435109
4.15038449357059
4.12691176564871
4.15634227219222
4.16747195294972
4.14081285616219
4.22035568215863
4.08823778781251
4.12622886076756
4.15368713734647
4.12170709886475
4.09849058605054
4.13469923663618
4.22429080750248
4.21691087848027
4.13218526645544
4.13086703952065
4.2132870369969
4.24903140026322
4.16620547854742
4.24780768914233
4.15126287350385
4.15910525983331
4.214877606534
4.16464564366946
4.2423558790432
4.15491358239143
4.18763536199003
4.22502041563576
4.13832660292927
4.2650149452782
4.09615721338007
4.1124186195196
4.11518714761364
4.11972891570453
4.17192428194145
4.16260913702355
4.23204079206259
4.17888014599858
4.23327617378304
4.21472719740297
4.18037363981435
4.18942031438486
4.13804381419984
4.08529612008997
4.22942514294051
4.05937865458513
4.15827653146891
4.16550786620931
4.17345364229105
4.2080102196748
4.1122354353444
4.23554824400796
4.29586974334459
4.10930172763852
4.19997624674329
4.14745105632469
4.05752717802321
4.13345292586179
4.06018858727439
4.15992174392327
4.16896725467647
4.1991794641215
4.10404705740266
4.14053994921248
4.16581590687825
4.16666117882925
4.13315913571728
4.13029032541619
4.11731589915496
4.18968604104797
4.14984503553075
4.10153669506289
4.20137064569826
4.1875262738737
4.13034573053978
4.11792436570338
4.08192436232249
4.1389201698113
4.13326534736095
4.18847103995115
4.14310201441753
4.15619997717126
4.1846624651948
4.16309475435535
4.21042564641116
4.15021000478872
4.14012888557416
4.1957471857261
4.16442225432394
4.15111409315863
4.14854329117996
4.21309566352478
4.2373935351323
4.14625200123906
4.22668097776042
4.13049920841744
4.17842782487392
4.10128136564803
4.18937767022797
4.31275185931685
4.16741273205068
4.06809612198548
4.25804535644392
4.20019718094087
4.17027567512413
4.12106662220959
4.14224356515467
4.12044362228603
4.18417330752521
4.11258299243702
4.27598391626969
4.1565855159686
4.13531136171271
4.1463534832883
4.1100629630074
4.08007677112233
4.11151543154113
4.11828907157389
4.11378442918551
4.08979303639965
4.10640523403171
4.16113363023868
4.08817601860525
4.04510652980263
4.12745239312596
4.03300993714202
4.18784985037061
4.23377520068686
4.10676587510197
4.15362908052123
4.15829938967479
4.16921056873683
4.21920852291572
4.12763088684583
4.18359487429986
4.10445111771337
4.1975045055863
4.1276388846398
4.17693411109829
4.08089403137936
4.11733812745457
4.24494262042472
4.22296807611625
4.21844612521861
4.19978153916266
4.13548466009736
4.13193555845233
4.17377075351518
4.22237610808496
4.1551403468368
4.20458203395003
4.09765607303375
4.21559491896742
4.16477380369467
4.1929696664549
4.16699126853003
4.13939442186983
4.24780094167959
4.11858192156289
4.19178981797355
4.13066283839446
4.09456135767088
4.24079028954007
4.13525410817097
4.21164707192434
4.16890117998729
4.18489679379653
4.18893612244373
4.19000952230061
4.22290040868244
4.17780393235075
4.16195351870534
4.23709793430929
4.17059277660619
4.16864214312289
4.10339671270164
4.27835346741524
4.13478192700394
4.22182884022956
4.23791944918157
4.20056572529279
4.16997520350778
4.14217208421394
4.08979926363359
4.27335806211974
4.06200686040032
4.2022065840875
4.11923146785787
4.16185262414465
4.19482840185592
