4.1837030145267
4.18120637811087
4.19784179759238
4.05186302705634
4.08735499145812
4.15523672448
4.16378506299153
4.16870983874664
4.14252751668518
4.18269161839885
4.10811319835254
4.24236144748587
4.20141245759347
4.20045075524709
4.14690241782298
4.13193512362404
4.14631444323545
4.25503588354582
4.12215650577313
4.16834884424065
4.1924301499474
4.2520074939193
4.18646638174049
4.26141959129804
4.16979044077656
4.21156250232484
4.23471053648126
4.12959722957869
4.13188946632636
4.25594692045686
4.18684418339309
4.15912924134062
4.10974140941018
4.22194031029506
4.17744180476735
4.16079229412445
4.1581534719327
4.20640178925158
4.18529366973244
4.15951429917088
4.18145084959797
4.14198338941556
4.15147310287657
4.17118483360147
4.16940196619094
4.15396880464509
4.18917512586304
4.18939029136353
4.17812465253414
4.20236401093471
4.14961652855799
4.1388981671936
4.13650296033032
4.12854948648457
4.13830618970388
4.10482759170948
4.18066442305142
4.14994548482163
4.16582904715094
4.20058423516867
4.20600349193363
4.13592579924809
4.19152426161515
4.13024233411319
4.17252385197301
4.18071957151688
4.11449751908783
4.19769656806964
4.20548298981576
4.1766885733502
4.21228743061449
4.13118764316933
4.10589994435012
4.12129216386422
4.14288056412057
4.20732186345784
4.15775386215147
4.24642631954351
4.16879132840175
4.11734280732436
4.20915036798018
4.14884705286032
4.21635355999009
4.20352430282425
4.14612228129987
4.17294621665251
4.20262408652877
4.11304137499282
4.18738763569514
4.11313135397347
4.17875394121914
4.14797583303202
4.23057284302653
4.15934663968031
4.20748764308025
4.10885868822841
4.1569127387915
4.24326504266203
4.19124955035892
4.2032069407461
4.14606652619078
4.14850954954428
4.17031291796257
4.10966805593387
4.19588333311
4.17794745821644
4.14804522385959
4.23682565611077
4.21325430910074
4.15362192607536
4.15988686000839
4.20025157678036
4.17885493927423
4.15133665285536
4.15921989190501
4.17020446520169
4.12448991559586
4.15053154471656
4.15957248252663
4.09434398137197
4.14386529356827
4.12905725848677
4.17705471124042
4.16974645676852
4.1525244716069
4.19031130482572
4.14742765388818
4.16120172065481
4.17337597285506
4.15662181715131
4.1932398260155
4.1455225671917
4.10386272536929
4.1773226384618
4.17381910966265
4.21408708111731
4.20082260067011
4.10525818728242
4.19806716064821
4.17156624437897
4.16763327020656
4.19444172415215
4.23784511624666
4.16343115937396
4.11175934456202
4.18476986757954
4.2305504398048
4.157298959177
4.1614562303833
4.15633135293752
4.12521662502808
4.16905465307253
4.11210366562186
4.1617760727498
4.13828026103781
4.14309687748848
4.14124713290105
4.15826714345257
4.14073125499897
4.17879612791946
4.1976571121492
4.20795174212148
4.15258443317845
4.12674997007204
4.12753735617382
4.20675958813674
4.20855263495836
4.23937723929872
4.27764570043284
4.22558095375306
4.08334528003269
4.14284808319891
4.1651297692299
4.13860571779206
4.21455710945772
4.20694609002621
4.18800798844433
4.19454768673585
4.12771749395033
4.16021943812118
4.1727885259487
4.15675693361889
4.15907471708906
4.17308692373707
4.19127270368681
4.114094296295
4.12417029809396
4.22299976986407
4.16785544891928
4.18147728896084
4.15536012511518
4.27159921333845
4.14539676565005
4.1137037370073
4.1120236273565
4.20585080508027
4.18172289001816
4.1699511950876
4.14032646942192
4.10700304092842
4.26713779521214
4.19911453275763
4.14808967542178
4.17674482469292
4.21047708717546
4.0952330080229
4.12991617900949
4.12056472772195
4.20938666281361
4.20879049548073
4.15778628857504
4.14106453060149
4.29010912925958
4.19773001049573
4.2257846674287
4.16821785972508
4.1907070884565
4.22547341557037
4.20515949314047
4.10157984116213
4.19265535424231
4.14146268933665
4.05382633264084
4.13521735531261
4.18267388604954
4.21294069250651
4.13048736748851
4.21990406533643
4.09695530723734
4.159132337486
4.09675948535429
4.07337333301377
4.15250993077979
4.20038645166666
4.11156121915902
4.15152540324012
4.18167486420366
4.08107180882197
4.17155887397359
4.17144860338994
4.13812425351487
4.10823709549299
4.17068461224035
4.1569367972287
4.17218817866619
4.16741201972479
4.07984470037723
4.19119220390835
4.13913963592429
4.09448277978031
4.14270480892041
4.12260109501159
4.20880716864939
4.16107680963293
4.11552425111509
4.146383353816
4.21145100894821
4.15970542668302
4.17544168354885
4.1797255186961
4.21071575865246
4.17031837272426
4.21559003894051
4.18470907012688
4.18475318778288
4.14456664403611
4.15473063656296
4.21667677060982
4.16876525571521
4.2148323997619
4.16041500924768
4.15667244339692
4.20815120634815
4.26227776669673
4.18774879925967
4.13105737673222
4.11218315754851
4.16775668346088
4.20878390586358
4.1369638780939
4.17351814487472
4.18182403588345
4.19188883391086
4.23404291660959
4.20930367560634
4.19974330334576
4.21027891101138
4.08864943287107
4.13955453321733
4.1418611216487
4.14119837607784
4.11124669275267
4.12088839033422
4.12998943223867
4.0985340519531
4.19929568256214
4.21559990289704
4.12738415568399
4.12178422570283
4.17546506555548
4.1754754309567
4.18952140062629
4.22393724466014
4.12780174011033
4.13305873408024
4.14688140890249
4.1759211285058
4.25840724197285
4.07720841552934
4.16453846992412
4.16572169236321
4.11512618019194
4.09840835188643
4.10175331522479
4.1432305076397
4.22727241069541
4.16581297692368
4.1193693608138
4.18303073342951
4.16848172997791
4.1296645864166
4.14759334813355
4.26710438447322
4.16810222291418
4.18386860498627
4.15329383927499
4.14000138006148
4.24838704477512
4.12109126280425
4.18199772519227
4.18533758552631
4.2223710960933
4.22532261599273
4.15101172780943
4.16970194668845
4.23529928278422
4.09650031559725
4.13617389246814
4.2056134240427
4.16826663763143
4.24708085291618
4.20453716771816
4.17480084485964
4.18645199874588
4.18619078280535
4.20689827018774
4.14152033535996
4.2065981583863
4.15443848741686
4.16737489664787
4.14879927427679
4.17250572164388
4.13402730009549
4.15898893454904
4.16806857485959
4.25833839780891
4.2199965090913
4.24953453232063
4.16628576555921
4.16111762043808
4.21056618624118
4.16469309560285
4.19014929893201
4.19181062269716
4.2108310624713
4.16479668841325
4.14038689455991
4.16214927723653
4.15799247916116
4.12587835346433
4.06213127345868
4.1758520511635
4.20887948480204
4.12162331189532
4.10466177305135
4.26088182436235
4.0621476664421
4.19341396188877
4.16185051208458
4.11689743035855
4.15470469843336
4.15131360772736
4.22642338092286
4.07646316612323
4.22648428233436
4.22811278725906
4.21152261445794
4.25862191562511
4.16215758109201
4.21522402079063
4.21185310263803
4.19699646814069
4.08363869564529
4.14563820479622
4.16312556535779
4.14434255186627
4.15496987588581
4.19301985242762
4.14905211666003
4.17865280114609
4.20106024131679
4.13118401089439
4.17777922220024
4.12849005224583
4.17903990373251
4.14979289117669
4.20678352729372
4.1672276925534
4.13958544096188
4.14007224262992
4.20547992757164
4.13997958988525
4.33485239768348
4.23361715875174
4.17404409921803
4.17026353686015
4.1766540930562
4.20354372437131
4.16620640356029
4.13728927766613
4.14954679967554
4.18617352216468
4.16048716816682
4.17717366631791
4.21293868427599
4.17536136128046
4.11118668542886
4.08857150850583
4.09031655081659
4.23484886150296
4.19654443538531
4.15709266781261
4.13224294024188
4.17950400801175
4.13560376845639
4.23390308150572
4.16407237715709
4.17078598762139
4.18132043151651
4.17206147155894
4.23518908882197
4.16257476434207
4.23007574598447
4.14080944724075
4.16502548593618
4.17978201472625
4.1842084202046
4.17057990184593
4.12434916412358
4.2067054290784
4.22473563314406
4.07575076979646
4.12210814879192
4.17254931457718
4.17979813176716
4.13653064989201
4.14291187017943
4.14983624526238
4.25273970635325
4.23353523811754
4.19859465033911
4.13466461172045
4.14221754924185
4.14842750753814
4.07252658714287
4.14131401629384
4.23252943675176
4.13480651136217
4.11908024228673
4.16876743122645
4.1299586062664
4.16274490308697
4.16992907001455
4.19622236478824
4.13569394131362
4.21683991901338
4.14584004140684
4.26590098315744
4.15055783044399
4.18621645654509
4.131570995107
4.13120137144916
4.13799137336757
4.17031174968296
4.283621854201
4.13106314046799
4.13765422903322
4.20184317741964
4.10823157287771
4.1950612318787
4.21747591642299
4.18216654131093
4.13992471524227
4.21511973910003
4.23195310784353
4.14834017510079
4.20577917011405
4.20306956430829
4.20576563189556
4.16963491335534
4.17878480675839
4.13201277624114
4.13308932100574
4.19563042465609
4.25382028575363
4.14894456702374
4.21492749479004
4.18747755980837
4.25448524159894
4.24343519153386
4.14737709601647
4.1975630341439
4.18924992193591
4.07528533859085
4.13515315029209
4.1862883609905
4.1397008394895
4.16177670628778
4.25050282849837
4.14615240177822
4.14940601253576
4.15290875615296
4.13790208426251
4.27001288509027
4.18560393928505
4.1264077613973
4.18415729123751
4.19882327196935
4.30114705067031
4.13639239794464
4.19205749279439
4.19928256940968
4.21163430564008
4.19066441985523
4.14253383170659
4.18845073888591
4.17993711002879
4.10681408665073
4.20520025009648
4.20541749157292
4.25309482471055
4.16351458077613
4.14450991587954
4.15870203947876
4.12010969829811
4.17827004426692
4.16439903538723
4.17139899432541
4.133454537763
4.14458340055197
4.19579453871965
4.18623101544296
4.17444861746254
4.15670866666419
4.14738336339028
4.17702815893151
4.19725118632706
4.15188803081684
4.1768751702622
4.16590116594435
4.15161247491915
4.17500583224428
4.12674749563675
4.10907192421914
4.19332165501996
4.10890608783819
4.09849602510738
4.1402790172798
4.18131859696212
4.21240651839156
4.19064227954798
4.19673425970741
4.16618084542956
4.17466223936882
4.1916370636877
4.10932809836615
4.15747094975661
4.15537891917771
4.17243715025216
4.1469779860134
4.19155696320147
4.21520340437724
4.17484028557314
4.22829913116874
4.16576772279605
4.12041632776637
4.12039981090582
4.14662317533742
4.15686153454939
4.12497083210737
4.22258415533865
4.14410915786396
4.19178671929553
4.18333121528102
4.17629813317698
4.22668747934372
4.2060306469486
4.10808127849437
4.09902247873233
4.18409103962651
4.12018746175534
4.1855077337098
4.19612029724488
4.18229480702808
4.17521312788737
4.16812585569679
4.20743465575131
4.12268460305188
4.17388987026739
4.12897766725197
4.16387353637413
4.18784197013707
4.134423976052
4.14512030259088
4.20634580925791
4.17619598302543
4.1581594921597
4.16649215026476
4.13300042457341
4.19857002154502
4.20737117064116
4.19180546556847
4.20634576552143
4.11331816824001
4.15725937025985
4.14980768200299
4.18388069880747
4.18863267847456
4.22609743032874
4.16854573964277
4.14287112469474
4.17979515177186
4.213118339691
4.15071882659386
4.17202947746524
4.20930896375113
4.14035947970776
4.09041080020635
4.14118819754789
4.10706032749744
4.16625791733822
4.13919984347949
4.13096132119801
4.18416311331276
4.10952449354918
4.11418624214245
4.17179282843261
4.20710636503884
4.14045617709348
4.12877594888564
4.1750459059109
4.14931138353781
4.25551579908224
4.17344481843385
4.19864376934666
4.20526635063001
4.18143785993091
4.21964391302943
4.19255486956473
4.1546068890534
4.1347848264651
4.2095010303096
4.19843338834925
4.13956311871061
4.15811199708511
4.16828629224751
4.22536656807017
4.1562189163037
4.18428097905281
4.20625666946971
4.17989304444703
4.16213527119535
4.20688420581226
4.13203223613511
4.21313472561775
4.2167253844748
4.1341817731596
4.23798675697054
4.19901085555014
4.15156077123808
4.1702218588339
4.16098733579657
4.18750631575356
4.19208418407188
4.17329477317671
4.22394450728978
4.23317236734114
4.12755722983666
4.17163910063292
4.18348070686937
4.16254146285851
4.187343078198
4.0858878570325
4.12244461951469
4.17187814825422
4.1310070209397
4.13609150812635
4.1838919932412
4.20701235319554
4.12496035766309
4.18308970638612
4.14399891449638
4.22497139224109
4.15283041451929
4.12799532083315
4.16269812300389
4.15373946321922
4.21370715596289
4.1146341826044
4.27852595231605
4.17643112531915
4.16343650527822
4.1406569704922
4.13828724468175
4.19674840587475
4.11137519938404
4.16616684683595
4.20644731140132
4.09444330910763
4.15233566303699
4.16478863659577
4.23931110920515
4.16702435570701
4.13735194815173
4.06348462698598
4.0808730975938
4.05119489487131
4.10796368485983
4.13939193907824
4.14308279360112
4.18248256229149
4.17890742077932
4.19784562615395
4.19971275492367
4.18936131183832
4.21773970911156
4.21033549597381
4.15387073215593
4.11598108351748
4.14423719759375
4.15661088014098
4.16324113491748
4.13921746550811
4.14455754988794
4.12999452620736
4.17493661064075
4.20874241250184
4.18038766452157
4.16759503508712
4.14137821065603
4.12956650864058
4.16013109289544
4.22431732734426
4.23201842439667
4.20467572740781
4.17389031375852
4.13817281342613
4.23198305300537
4.14896869268257
4.18894735768677
4.20038025298175
4.1621824995748
4.22054395043359
4.20169319334003
4.10659141658035
4.13049401327028
4.23572691036067
4.08737669432068
4.17839623731126
4.09376831058727
4.1082299370766
4.16723566715054
4.17355059244255
4.10369432351828
4.17220451369961
4.18653282361116
4.15377587645392
4.1610108672157
4.19692872195578
4.19335621803449
4.15483175392087
4.2050372266976
4.08243158910995
4.11972598679466
4.22481176187259
4.16299841627975
4.2028221037884
4.15207367929918
4.13281922233364
4.15985608640458
4.18780263563325
4.12085157000808
4.17884904941002
4.16568129735502
4.21309740704729
4.1261882549635
4.17580816413249
4.20529052904965
4.17169628609509
4.10826761258826
4.15650964364897
4.15483156975852
4.19739728493675
4.21012904712369
4.15293512230999
4.14000099556977
4.18335388983045
4.19464262502644
4.1066984313952
4.2034989403816
4.14639739685984
4.16121932667999
4.23369122958105
4.21996172352244
4.17028335635449
4.17315751623962
4.16889584324985
4.17676829912993
4.23484981369746
4.17552902803835
4.13965289417637
4.17785393033337
4.15524158435776
4.1297713097514
4.13144464549392
4.15305948660371
4.19215098231881
4.12770157117432
4.23964319453444
4.20202693196021
4.16315176935217
4.11611195420237
4.1580190849548
4.19090690913987
4.10333121621354
4.25162833817647
4.1560082628477
4.28489774916774
4.18713725792448
4.22693910332882
4.23050064127373
4.12037739936909
4.05607888816622
4.24179891558242
4.15877756110579
4.12377929053078
4.188979534558
4.16143813383627
4.16921231964435
4.08831068790526
4.11918888680768
4.16421535859881
4.22441198225531
4.12297016486662
4.08907602756806
4.22686720842365
4.17421516809504
4.21867147885536
4.17378204000737
4.24653268316374
4.17669263169628
4.16593632076878
4.22952477542476
4.23145029556633
4.2841479155832
4.15343835445747
4.17938312667374
4.2001870625061
4.21192928690336
4.11469863322296
4.20532193020542
4.20293453270472
4.16321915062258
4.18340745559932
4.14365817030093
4.23988534503075
4.15592506640449
4.2428634868753
4.13313605082788
4.2570100756268
4.11598413185142
4.18401542702563
4.14661711438374
4.24707076422398
4.17727659160031
4.16273618655525
4.14526792265985
4.1996446203117
4.15183053019534
4.17251331362405
4.14561287161111
4.2100124470869
4.16406743015228
4.15250414318404
4.16041203289023
4.15515459127984
4.226561655901
4.14788084518851
4.09980278159377
4.19195203575929
4.18699683304954
4.19862972774863
4.14773842166348
4.26928723504687
4.154923826646
4.22207826457641
4.16055766459832
4.20378026789856
4.1232089946748
4.18369657279409
4.16911180898624
4.1967166577817
4.18555046389813
4.13377523122939
4.12512440806656
4.15993486515514
4.14612802679145
4.17563321051307
4.18721108030889
4.1768590253797
4.18706837375261
4.18575734894772
4.25303248984723
4.18393365784518
4.10549595466677
4.14146996387453
4.23409802900659
4.14077575671582
4.22631584717711
4.21451869015848
4.15367146166158
4.15832038269882
4.21084050251316
4.14672655792367
4.11448187538041
4.12949632706447
4.16497169329877
4.129360599208
4.19401362187766
4.18596786061466
4.1807343056962
4.14245691765368
4.20026857472369
4.17423448797528
4.12040423130395
4.23670966590334
4.20868615851351
4.19947352097592
4.19192275039598
4.1572489792029
4.17000113493473
4.13923461222007
4.23005470049961
4.08909433838728
4.25171762147304
4.14433074422965
4.15013056160985
4.13077547519352
4.18273926397123
4.21549369397791
4.11669076306944
4.19748169854831
4.18755488664407
4.14731448125168
4.23007197226511
4.25529080893926
4.1631481367982
4.21438372231213
4.1450482482778
4.1442751931221
4.20964167426017
4.11332841819273
4.19479644000114
4.11613404275393
4.1563182370319
4.16229797208993
4.14535687333771
4.16717059803403
4.20910249056597
4.17577506071894
4.20042260193684
4.19974231945242
4.15814509240466
4.19467067114391
4.14386530474557
4.24560644134804
4.1248021512961
4.13978332426017
4.18766399939136
4.19641758875708
4.20008832490908
4.14054716168764
4.13518616310755
4.19223782131061
4.17707707077842
4.16091800990248
4.14646241102515
4.26824468245779
4.16169011412758
4.20497024758999
